,date,juliandate,std,NMcal
0,31130,2452974.8064900003,0.021354156504057704,20.311000000000003
1,31201,2452975.7985900003,0.024514330114281356,20.28442857142857
2,31206,2452980.80327,0.02301241900737633,21.01128571428571
3,31207,2452981.8382900003,0.02217248402003576,20.03442857142857
4,31208,2452982.85243,0.020831523730894558,20.96157142857143
5,31210,2452984.79145,0.02403766885138822,20.489857142857144
6,31212,2452986.80559,0.020973906691519963,20.35128571428572
7,31213,2452987.80103,0.021808692019873382,20.49742857142857
8,31214,2452988.7935200003,0.016542873591589815,20.55
9,31215,2452989.82293,0.018604914865223688,20.306142857142856
10,31216,2452990.82156,0.01782186992482866,20.589428571428574
11,31217,2452991.82437,0.01774555611710079,20.466285714285718
12,31218,2452992.83342,0.018270454942590688,20.16085714285715
13,31219,2452993.84585,0.020189577697912017,19.989571428571427
14,31220,2452994.81471,0.01847005298156501,20.415857142857146
15,31221,2452995.82403,0.021754036297612488,20.003285714285713
16,31222,2452996.8089,0.0206870099568049,20.11342857142857
17,31223,2452997.84216,0.038418745424600415,20.108
18,31224,2452998.82354,0.024039649787497317,20.117714285714285
19,31225,2452999.82715,0.01923414622364444,20.339571428571436
20,31228,2453002.83899,0.01919077159174493,20.28142857142857
21,31229,2453003.82831,0.018774349269014882,20.334142857142854
22,31230,2453004.83188,0.01761492873349519,20.27457142857143
23,40102,2453007.83886,0.021125475480712298,20.112428571428573
24,40104,2453009.83303,0.017736161607616718,20.272714285714287
26,40110,2453015.83186,0.02721781629396354,20.41714285714286
27,40111,2453016.84044,0.02354023910544855,20.439857142857143
28,40112,2453017.78845,0.021600264548644475,20.212714285714284
29,40113,2453018.79361,0.02068585898395551,20.405285714285714
30,40116,2453021.80863,0.018774349269014882,19.946142857142856
31,40117,2453022.82526,0.02410986757087667,20.308571428571426
32,40118,2453023.77425,0.0212266678631003,19.913285714285713
33,40119,2453024.79998,0.022460547421558404,20.151142857142855
34,40121,2453026.71993,0.022005410590037227,20.40471428571429
35,40123,2453028.74554,0.022494443758383564,20.426
36,40124,2453029.78061,0.018937239704302482,19.899571428571427
37,40125,2453030.80062,0.022799331652699255,20.303857142857147
39,40127,2453032.72105,0.018354965592561147,20.519285714285715
40,40128,2453033.78451,0.020214327780558768,20.30757142857143
41,40130,2453035.78497,0.020016659727997068,20.497000000000003
42,40131,2453036.79377,0.02156165025929675,20.37071428571429
43,40201,2453037.75837,0.02093186224735043,20.39314285714286
44,40202,2453038.72946,0.021792309696428168,20.374285714285715
45,40203,2453039.73883,0.02369247419187053,20.457
46,40205,2453041.82766,0.03088380682185163,20.225142857142856
47,40207,2453043.72897,0.019204414175123592,20.69085714285714
48,40208,2453044.76926,0.021505259600254727,20.747857142857143
49,40209,2453045.8151,0.029596492713691882,20.22542857142857
50,40211,2453047.82112,0.01769584293390562,20.714857142857145
51,40214,2453050.71174,0.02051364238278192,20.37685714285714
52,40216,2453052.78552,0.02136530342582698,20.240142857142857
53,40219,2453055.66764,0.02158593016186533,20.41257142857143
54,40221,2453057.78194,0.02216496592116147,20.296428571428574
55,40222,2453058.68591,0.034287995955833844,20.317
56,40223,2453059.67883,0.02183814923255953,20.439285714285713
57,40224,2453060.68412,0.02514907931664731,20.27785714285714
58,40225,2453061.65877,0.018979939284353303,20.06571428571429
59,40226,2453062.70756,0.04163503561276068,20.341857142857144
60,40227,2453063.69108,0.01839125050771761,20.35428571428571
61,40302,2453067.7138400003,0.025656151216395168,20.489285714285714
62,40304,2453069.67868,0.02074218154480035,20.81571428571429
63,40306,2453071.66495,0.02439066956656236,20.822714285714284
64,40309,2453074.65271,0.022991716934993783,20.304571428571435
65,40310,2453075.59156,0.05338182319497632,20.45057142857143
66,40313,2453078.60146,0.02663241848359511,20.22242857142857
67,40315,2453080.66232,0.023101226518619785,20.232
68,40322,2453087.65627,0.01862665780417307,20.29057142857143
69,40325,2453090.65212,0.018173764450067617,20.322428571428574
70,40407,2453103.69405,0.02392945982717314,20.759428571428565
71,40411,2453107.59092,0.02028135432690315,20.462
72,40415,2453111.5364200003,0.021181753153741163,20.139
73,40417,2453113.61102,0.023344215149634476,20.39857142857143
74,40420,2453116.59923,0.024067365772719188,20.042285714285715
75,40430,2453126.47776,0.020824664863233682,20.686999999999998
76,40501,2453127.50998,0.026133357628750523,20.860571428571426
77,40504,2453130.57042,0.01793374048045861,21.080571428571428
78,40510,2453136.45365,0.01821563953888892,20.190142857142856
79,40514,2453140.54595,0.01996663884249756,20.159000000000002
80,40517,2453143.5956200003,0.18743964107845587,20.36642857142857
81,40520,2453146.51237,0.02319380048530929,20.09942857142857
82,40526,2453152.50917,0.02635472307898791,21.13928571428572
83,40601,2453158.46083,0.020296610085230805,20.119571428571426
84,40602,2453159.52662,0.02421727050010181,20.540142857142857
85,40603,2453160.46045,0.02467696052906597,20.19942857142857
86,40605,2453162.48742,0.023466287875730633,20.152
87,40608,2453165.4835900003,0.023233801320683985,20.310142857142857
88,40612,2453169.53201,0.02073414483177361,20.16971428571429
89,40618,2453175.4879900003,0.022567359488557908,20.334571428571426
90,40621,2453178.46873,0.020920484379376655,20.1
91,40623,2453180.47895,0.021003401085156515,20.369857142857143
92,40627,2453184.46628,0.022962702678181075,20.457571428571427
93,40630,2453187.46958,0.029471535904539325,20.60828571428572
94,40703,2453190.46484,0.030208797204960208,20.640714285714285
95,40706,2453193.48774,0.02424085492756254,20.39057142857143
96,40707,2453194.4685400003,0.02945456549622695,19.990285714285715
97,40709,2453196.51478,0.02511592171928011,20.10085714285714
98,40714,2453201.52661,0.027119664276600102,20.146857142857144
99,40718,2453205.46931,0.017985443849845326,19.988857142857142
103,41209,2453349.81044,0.02523697212235629,20.21271428571429
104,41211,2453351.81593,0.01896487982207432,20.119
105,41213,2453353.8089,0.01892466266919213,20.09585714285714
106,41215,2453355.78121,0.020828094579413724,20.172857142857143
107,41217,2453357.76148,0.016529915161219776,20.024285714285714
108,41219,2453359.75825,0.01622754859279903,19.977
109,50101,2453372.77892,0.01840160448487531,20.530571428571427
111,50106,2453377.76389,0.020602819964159025,20.127142857142857
112,50108,2453379.78087,0.019790570145062573,20.1
113,50110,2453381.73796,0.01842100250621521,20.13
114,50112,2453383.7039900003,0.023125949143899927,20.194857142857146
115,50114,2453385.70178,0.017585166909569513,20.222714285714282
116,50122,2453393.79502,0.02831035482779832,19.844857142857144
117,50125,2453396.68783,0.02473478368228853,20.745857142857144
118,50126,2453397.68466,0.020670890505413098,20.240428571428573
119,50127,2453398.68067,0.026407069760458042,20.238
120,50202,2453404.79503,0.018751507875851475,19.454428571428565
121,50203,2453405.73491,0.021507473784005502,20.02871428571429
122,50205,2453407.7519400003,0.01981581859693124,20.262999999999998
123,50207,2453409.76966,0.02051016008383353,20.487
124,50209,2453411.8058700003,0.022449944320630147,19.766
125,50210,2453412.74162,0.0203867370517597,20.198571428571427
126,50212,2453414.78824,0.019042558851686757,19.64242857142857
127,50213,2453415.8301,0.0269063632056004,19.791571428571427
128,50218,2453420.78644,0.021400934559048155,19.872
129,50219,2453421.83676,0.022119803667370312,19.642571428571426
130,50224,2453426.73941,0.02070196678027102,20.32328571428572
131,50225,2453427.76561,0.022773208988178598,20.047571428571427
132,50228,2453430.7291900003,0.018445544048319502,20.24928571428571
133,50303,2453433.75182,0.01861387091592485,20.206857142857142
134,50305,2453435.76881,0.02033762640081405,20.239428571428572
135,50308,2453438.7297400003,0.022939880017999587,19.738714285714284
136,50312,2453442.72665,0.018169833712632644,19.93285714285714
137,50315,2453445.76191,0.01723230631552555,20.134428571428565
138,50318,2453448.66455,0.02114012208824396,20.48771428571429
139,50323,2453453.6797,0.02452792383428524,20.52842857142857
140,50329,2453459.67646,0.0214698016048435,20.16342857142857
141,50330,2453460.6214400004,0.018206487593082236,20.110142857142858
142,50331,2453461.69278,0.022434030272930058,20.573428571428572
143,50403,2453464.58208,0.01834847859270484,20.087
144,50406,2453467.60788,0.021738708070436798,19.75228571428572
145,50409,2453470.69251,0.02190020656567952,20.29642857142857
146,50412,2453473.6403,0.017298499797351832,20.024714285714285
147,50415,2453476.66241,0.018645821694620947,20.11
148,50417,2453478.58006,0.02062938265122661,20.14171428571429
149,50430,2453491.5739700003,0.029585227974221074,20.09357142857143
150,50508,2453499.58958,0.02115363303254332,20.24114285714285
152,50513,2453504.59633,0.016277357922966668,19.735428571428567
153,50529,2453520.58291,0.020525245778955502,20.08757142857143
154,50601,2453523.52753,0.021310627797958143,20.048857142857138
155,50607,2453529.48345,0.02113336337683815,20.06357142857143
156,50710,2453562.50748,0.01875277757199193,20.067
157,50724,2453576.53035,0.05039085328944392,19.97571428571429
158,60109,2453745.81161,0.022078862979699885,20.53985714285714
159,60110,2453746.81446,0.02055422561122278,20.133142857142857
160,60111,2453747.8121700003,0.021561650259324213,20.61728571428571
161,60112,2453748.76314,0.0258051305345428,20.98071428571429
162,60114,2453750.80725,0.022154221354196892,20.471857142857143
163,60116,2453752.8458,0.023250192011527327,20.743285714285715
164,60117,2453753.72606,0.016571633824722282,20.809428571428565
165,60118,2453754.80033,0.02079949633091321,20.367428571428565
166,60119,2453755.76528,0.13695306808225502,20.56085714285714
167,60120,2453756.77379,0.021414280949260515,20.236285714285714
168,60121,2453757.8153,0.02271353697477676,20.991285714285716
169,60122,2453758.72606,0.020747920148193082,20.44314285714286
170,60123,2453759.72091,0.018542101386036108,20.20714285714286
171,60124,2453760.78197,0.020564648353542887,20.498285714285714
172,60125,2453761.79598,0.021066787220907542,20.168857142857142
173,60126,2453762.80028,0.020040435315067662,20.14442857142857
174,60127,2453763.68563,0.013239551136073759,20.28857142857143
175,60128,2453764.79478,0.015868507296220687,20.11714285714286
176,60129,2453765.7869,0.022868152110573102,20.665428571428574
177,60130,2453766.65058,0.022426599852698726,20.38157142857143
178,60131,2453767.7296700003,0.016091997419554072,20.27657142857143
179,60203,2453770.79408,0.02423299600205102,20.81628571428571
180,60204,2453771.69613,0.017520056533952947,20.12642857142857
181,60205,2453772.79105,0.0227061980210182,20.273714285714284
182,60206,2453773.72946,0.017199114041370554,20.232857142857142
183,60207,2453774.77784,0.02497903883165051,20.31742857142857
184,60208,2453775.6787400004,0.020952326839758832,20.633000000000006
185,60209,2453776.6655900003,0.01528304382546649,20.22571428571429
186,60210,2453777.70041,0.016790019711222057,21.06428571428572
189,60216,2453783.71485,0.02764571782912141,20.24657142857143
190,60217,2453784.73548,0.021307275752664917,20.656
191,60218,2453785.76886,0.022176778932266,20.611142857142852
192,60219,2453786.71907,0.01968804326538316,20.97457142857143
193,60220,2453787.72581,0.020182500670948438,20.540000000000006
194,60221,2453788.73231,0.019267539937376208,20.56871428571429
195,60222,2453789.7242900003,0.01927618812345633,20.40928571428572
196,60223,2453790.73751,0.020521765449022924,20.61285714285714
197,60224,2453791.67928,0.01655294535716961,20.567000000000004
198,60225,2453792.7929700003,0.019526538717491042,20.206428571428575
199,60226,2453793.69152,0.02018014111038695,19.369714285714284
200,60302,2453797.77703,0.02545210254202788,20.47114285714286
201,60303,2453798.78437,0.018379595311339456,20.23214285714285
202,60304,2453799.71211,0.057447698781045664,20.42171428571429
203,60305,2453800.69919,0.06008169042070013,20.817857142857143
204,60306,2453801.71375,0.02183596857962964,20.550857142857144
205,60307,2453802.6745,0.02028018033162813,20.489571428571427
206,60308,2453803.64991,0.023046536771101443,20.799857142857142
207,60309,2453804.69419,0.02634930196962528,20.71757142857143
209,60318,2453813.68967,0.017327379929973283,20.698285714285714
210,60320,2453815.72662,0.022493385271065747,20.71757142857143
212,60322,2453817.69901,0.02196859229943884,20.59342857142857
213,60324,2453819.61704,0.020202545808495877,20.70285714285714
214,60326,2453821.63583,0.015186146569174504,20.417571428571428
215,60328,2453823.67085,0.01567831380629876,20.399857142857144
216,60403,2453829.60788,0.02201839058172333,20.735857142857142
217,60404,2453830.60773,0.020598196869776292,20.719428571428573
218,60406,2453832.65306,0.017375406812642876,20.765714285714285
219,60407,2453833.64795,0.014311167800373559,20.35814285714286
220,60417,2453843.65595,0.018572893715081275,20.23742857142857
221,60419,2453845.61565,0.020115144732745796,20.527428571428565
222,60420,2453846.60368,0.017544501241373685,20.63814285714286
223,60421,2453847.5813,0.015442674330407025,20.229857142857146
224,60422,2453848.58683,0.01718249385969401,20.609285714285715
225,60423,2453849.55076,0.019772515797227774,20.60257142857143
227,60425,2453851.56416,0.01880982519352181,20.314857142857143
228,60426,2453852.62176,0.016008926081530126,20.28942857142857
229,60427,2453853.64932,0.018173764450067617,20.012571428571427
230,60430,2453856.67141,0.0202790062684756,20.35671428571429
231,60505,2453861.59535,0.0191833260932952,20.831999999999997
232,60506,2453862.59006,0.02022257107667513,20.82042857142857
233,60507,2453863.49598,0.028713693431458825,20.562142857142856
234,60507,2453863.52555,0.022634781495146,21.046999999999997
236,60507,2453863.57842,0.020541479521970038,20.359571428571428
237,60507,2453863.60974,0.01903380451423933,20.53442857142857
238,60507,2453863.65995,0.023293162700032986,20.53971428571428
239,60507,2453863.69889,0.02604391895019377,21.350571428571428
240,60508,2453864.59547,0.02284315047904464,20.780857142857144
241,60509,2453865.53689,0.07418605952988577,20.803714285714285
242,60510,2453866.54498,0.021329612770827847,21.361428571428572
243,70407,2454198.69805,0.02415820870055887,20.42957142857143
246,70411,2454202.67001,0.03648483050727526,20.06214285714286
247,70412,2454203.62158,0.018488091405225858,20.54314285714285
248,70414,2454205.68758,0.010179344164598746,19.89957142857143
249,70417,2454208.69831,0.0128840987266375,20.033
250,70418,2454209.68056,0.02053800194309153,20.19214285714285
251,70419,2454210.6847200003,0.01738636575843786,19.94542857142857
253,70424,2454215.66675,0.00966091783073267,20.031
254,70425,2454216.5674,0.019148542155197214,20.224
255,70426,2454217.5995,0.024913182588114854,20.279
256,70427,2454218.57221,0.021663003353324183,20.47657142857143
257,70428,2454219.60245,0.027223939045340942,20.098857142857145
258,70429,2454220.62176,0.02762676411088901,20.34971428571428
259,70509,2454230.60071,0.01714365077531874,20.087714285714284
260,70510,2454231.61513,0.022086410387639328,19.67385714285714
261,70511,2454232.67662,0.030041241493735375,20.129857142857148
262,70514,2454235.68317,0.019552128126767186,19.927428571428567
263,70516,2454237.57767,0.023258383025331942,20.176428571428573
265,70518,2454239.59355,0.027366124349342283,19.82671428571429
267,70520,2454241.52091,0.01944222209522712,19.867
268,70521,2454242.55738,0.017461522324939704,20.030285714285714
269,70522,2454243.60615,0.012909944487388877,20.159000000000002
270,70523,2454244.5751400003,0.019371063348142814,19.770714285714284
271,70525,2454246.53598,0.025520300042980386,20.207571428571427
272,70526,2454247.56316,0.025624578974449967,20.00357142857143
273,70602,2454254.59994,0.027354811538103582,20.231428571428573
274,70603,2454255.53771,0.02844125106080535,20.028714285714287
276,70605,2454257.50215,0.02178684618443727,19.971
277,70606,2454258.5304,0.022625312415636964,19.959714285714284
278,70609,2454261.53278,0.027324330689338715,20.327571428571428
279,70611,2454263.55138,0.030428683210318164,21.10471428571429
280,70616,2454268.58277,0.9202832379736342,20.344285714285714
281,70620,2454272.49163,1.0369961197521218,19.575571428571426
282,70622,2454274.5024900003,0.02618796524758463,20.614857142857144
283,70623,2454275.47199,0.02234576768277758,20.214
284,70625,2454277.51175,0.041996031558519935,21.401
285,70626,2454278.54179,0.03302235894779268,20.025857142857145
286,80202,2454499.81704,0.017232306315491185,20.15042857142857
287,80203,2454500.77339,0.018026435614155074,20.340428571428568
288,80205,2454502.79461,0.015841476602646145,20.163428571428565
289,80210,2454507.78122,0.017547215217917026,20.475285714285715
290,80212,2454509.69353,0.01741373294955324,20.34528571428572
291,80214,2454511.71566,0.01949725255367137,20.464857142857145
293,80222,2454519.80503,0.02337886713614633,20.14528571428572
294,80224,2454521.7805,0.01843650622826405,20.478285714285715
295,80227,2454524.75802,0.015868507296183373,20.40885714285714
296,80301,2454527.72206,0.016056448044647224,20.088142857142856
297,80310,2454536.70126,0.015977662979497983,19.98242857142857
298,80316,2454542.64443,0.017491494531682517,19.920571428571428
300,80328,2454554.69784,0.01714642819945467,20.16
301,80329,2454555.70318,0.019423843962643374,20.206571428571433
302,80331,2454557.73095,0.018003967816658945,20.25385714285715
303,80402,2454559.73061,0.016886173549489087,20.005857142857145
304,80402,2454559.76353,0.035957647044165236,20.15142857142857
306,80408,2454565.67265,0.018792095602702945,20.25014285714285
307,80410,2454567.70495,0.01877815346670561,20.189428571428564
308,80412,2454569.68544,0.015650954633885394,20.176571428571428
309,80415,2454572.66274,0.01659173632522115,20.74257142857143
310,80417,2454574.6475,0.017660825629184442,20.24571428571429
314,80425,2454582.6165,0.019104973174568576,20.136
315,80427,2454584.61167,0.0236462017487896,19.994857142857143
316,80430,2454587.61796,0.017509181265060555,20.04728571428572
317,80504,2454591.55504,0.017718701446578913,20.131428571428565
318,80506,2454593.60925,0.01890704076466084,20.086857142857145
320,80508,2454595.55373,0.01891962951413273,20.18657142857143
321,80510,2454597.58151,0.017135315801585883,19.882571428571428
322,80511,2454598.54174,0.019831432481950708,20.20957142857143
323,80512,2454599.57875,0.018891923192351667,20.12171428571429
324,80514,2454601.57011,0.017343861271633166,20.697857142857146
325,80515,2454602.5914,0.017324631515339795,20.351857142857146
326,80521,2454608.55695,0.017726762119467554,20.31171428571428
327,80524,2454611.5836,0.01818424226264876,20.119
328,80525,2454612.5889,0.024895974048217938,20.243142857142857
329,80606,2454624.57225,0.0180132226565871,20.165857142857146
330,80609,2454627.55523,0.01671754140048393,20.557857142857138
331,80611,2454629.51476,0.01572380663961506,20.672285714285714
332,80612,2454630.53496,0.9585945813682508,20.716285714285718
333,80615,2454633.49423,0.02241810492817219,20.46471428571429
334,80622,2454640.58682,0.016771574591693098,20.445428571428565
335,80625,2454643.5802700003,0.016967756537239226,20.151285714285713
340,80704,2454652.50766,0.018672618098870247,20.171
341,80713,2454661.49866,0.5317970880487616,20.72714285714285
342,80718,2454666.51406,0.018705741415555404,20.413714285714285
344,80804,2454683.4777900004,0.017298499797317603,20.01871428571429
347,81205,2454806.79385,0.017773709852087753,20.05671428571429
348,81208,2454809.77813,0.01606978827608763,19.97371428571429
349,81214,2454815.80259,0.01970134150614061,20.535857142857143
350,81217,2454818.79401,0.023408382706909488,20.84242857142857
351,81220,2454821.8024,0.016550068335377338,20.13271428571429
352,81224,2454825.76882,0.016287593876543764,19.88657142857143
353,81227,2454828.8153,0.01383749220325894,19.903857142857145
354,90105,2454837.78969,0.016570196998546612,19.94928571428572
355,90108,2454840.75816,0.016637593690526257,20.32714285714286
356,90112,2454844.68594,0.04011946446017965,20.54728571428572
357,90115,2454847.70033,0.01875658614487125,20.488857142857142
358,90119,2454851.79041,0.017033580279597685,20.657857142857143
359,90123,2454855.85117,0.015748015748033847,20.203
360,90127,2454859.75231,0.01776567048042401,20.24957142857143
361,90131,2454863.76042,0.019806203934310842,20.564428571428564
362,90204,2454867.7337700003,0.021407608794227102,20.399571428571427
363,90208,2454871.72938,0.030574654925425836,20.694857142857146
364,90212,2454875.72246,0.02045901826996201,20.72271428571429
365,90216,2454879.68305,0.019086270308448144,20.503571428571426
366,90219,2454882.76816,0.015946338585673674,20.597571428571428
367,90222,2454885.73558,0.014158961490032162,20.242142857142856
368,90225,2454888.67258,0.017481963494395802,20.293428571428574
369,90228,2454891.76684,0.0180132226565871,20.26685714285714
371,90309,2454900.70673,0.02206807649073354,20.435
372,90312,2454903.71213,0.02195992020112978,20.83728571428572
373,90315,2454906.71682,0.02149972314335105,20.68471428571429
374,90318,2454909.68814,0.019831432481950708,20.205428571428573
375,90321,2454912.71944,0.01663186843439975,20.21857142857143
377,90327,2454918.68238,0.018919629514164028,20.524428571428565
378,90330,2454921.73395,0.01867134295163057,20.309571428571427
382,90410,2454932.64863,0.025006665778010227,20.778
383,90413,2454935.65511,0.021200853531817155,20.264857142857142
384,90416,2454938.67846,0.06597149456575271,20.03728571428571
385,90418,2454940.61659,0.015126451130765444,19.86885714285714
386,90420,2454942.63568,0.01762033457334981,20.07614285714285
387,90423,2454945.608,0.02737047418555266,20.219857142857144
388,90424,2454946.51573,0.02108712087191252,20.195
389,90424,2454946.56822,0.018436506228296158,20.159714285714287
390,90424,2454946.62264,0.02515097271620996,20.037714285714287
391,90424,2454946.69407,0.01820125584362796,19.87442857142857
392,90424,2454946.74785,0.01987340889108311,20.21757142857143
393,90429,2454951.68036,0.01878322453174161,20.155142857142856
394,90502,2454954.60519,0.01971342303154445,20.196428571428573
395,90504,2454956.55658,0.02011987882192133,20.022857142857145
396,90507,2454959.6094,0.05413563213508621,20.555999999999997
397,90510,2454962.55892,0.01888057706942069,20.520142857142858
398,90513,2454965.62391,0.017000000000029998,20.215
399,90515,2454967.55082,0.018616428996249997,20.24371428571429
400,90516,2454968.58341,0.01779379239001211,20.077571428571428
401,90518,2454970.57725,0.016066824737456114,20.115142857142857
402,90521,2454973.5808900003,0.01643167672516827,20.156
403,90523,2454975.52883,0.018096303226772973,20.075857142857142
404,90604,2454987.5150200003,0.024926558794437483,19.791
405,90605,2454988.54691,0.022186439444841284,20.30228571428572
406,90607,2454990.54558,0.03033385661507125,19.839857142857145
407,90610,2454993.56641,0.02052176544899407,20.036857142857144
408,90612,2454995.57824,0.01613927478160995,19.847142857142853
409,90613,2454996.50137,0.018197331044474543,19.953142857142858
410,110331,2455652.73191,0.0179390502482362,19.862142857142857
411,110402,2455654.66245,0.01668760589407199,20.069857142857146
412,110407,2455659.65099,0.01900626463136777,19.67328571428572
413,110421,2455673.61442,0.023230726778687164,19.903
414,110424,2455676.56088,0.018625379510359225,20.106285714285715
416,110510,2455692.5762,0.02141428094920521,19.843714285714285
417,110519,2455701.5203,0.02370453040885787,20.007285714285715
418,110524,2455706.52866,0.0246634489535776,19.850428571428573
419,110602,2455715.6373,0.026977945136893614,19.976857142857146
420,110625,2455738.51309,0.022868152110521317,19.701571428571427
421,110628,2455741.49653,0.029444055103756063,19.902428571428565
422,110719,2455762.50095,0.02406835503904501,19.76557142857143
423,110722,2455765.46996,0.02067089050544174,19.957571428571427
424,110724,2455767.48434,0.019806203934280942,19.728428571428573
425,120420,2456038.60482,0.02935659251019465,19.717857142857145
426,120423,2456041.6084,0.018580583823888025,19.739285714285714
427,120430,2456048.57656,0.021247969090595054,19.892857142857142
428,120503,2456051.56025,0.02470492528493595,20.366
429,120506,2456054.55441,0.07174657781783426,20.742285714285714
430,120509,2456057.50929,0.016994396835697454,19.944857142857146
431,120512,2456060.54598,0.01819209666184449,19.635428571428573
432,120513,2456061.53213,0.016747423398145098,19.747142857142855
433,120516,2456064.55111,0.017165857586138554,19.971
434,120519,2456067.53081,0.02025551071405176,19.294428571428565
435,120522,2456070.59905,0.017698533703049458,19.612714285714286
436,120530,2456078.51848,0.019216808119101564,19.788571428571426
437,120601,2456080.5119,0.02187736381784616,19.91442857142857
438,120604,2456083.53359,0.0306306724581327,19.69371428571429
439,120607,2456086.51693,0.014571661996234978,19.573
440,120613,2456092.50193,0.01820648759304971,19.63414285714286
441,120615,2456094.47141,0.01632409845830873,19.952142857142857
442,120621,2456100.49799,0.018625379510359225,19.73471428571429
443,120624,2456103.47415,0.017115851744915034,19.811571428571426
444,120706,2456115.53173,0.01879462942545066,19.821285714285718
445,120709,2456118.46152,0.020755951527412275,19.765142857142852
446,120712,2456121.55567,0.018451996923824668,19.854142857142858
447,120715,2456124.54561,0.02194256572226948,19.686857142857143
448,120721,2456130.51544,0.019726704163204926,19.644142857142857
449,121221,2456283.8143,0.018352371067760363,20.236857142857144
450,121223,2456285.79546,0.02083609505504041,20.184142857142856
451,121229,2456291.78953,0.0267546168690552,20.726857142857146
452,130101,2456294.76391,0.0197544449488962,20.977714285714285
453,130105,2456298.84285,0.026276913640620188,20.552857142857142
454,130108,2456301.82323,0.0279028928351743,19.894285714285715
455,130113,2456306.7675900003,0.019531415475463228,20.31314285714285
456,130116,2456309.78462,0.02182506204650729,19.951
457,130119,2456312.83992,0.0774811805107037,19.926
458,130122,2456315.80127,0.019821825392884733,19.934285714285714
459,130125,2456318.7507,0.03721430856409595,20.22028571428572
460,130128,2456321.75321,0.029233053699043925,19.99371428571429
461,130209,2456333.6834400003,0.024438455254729388,19.82428571428572
462,130212,2456336.73335,0.0228827237805834,20.33442857142857
463,130215,2456339.76683,0.022733445049289355,19.702857142857145
464,130219,2456343.74818,0.0217693537319139,19.779714285714284
465,130226,2456350.71648,0.029853611092107987,20.606714285714286
466,130301,2456353.76215,0.021531814777662483,19.676428571428573
467,130305,2456357.66379,0.022963739532885587,19.893
468,130311,2456363.6825900003,0.016879122071515592,20.03071428571429
469,130315,2456367.7351,0.01977733190153511,19.87514285714286
470,130318,2456370.63988,0.020483442790987728,19.90628571428571
471,130322,2456374.65868,0.023865695643997258,20.19428571428572
472,130325,2456377.7305400004,0.030697448319561026,20.135
473,130328,2456380.6525,0.025071326821111375,21.40171428571429
474,130402,2456385.65555,0.019824227601573218,20.288
475,130410,2456393.74281,0.019218047073884376,19.744
476,130413,2456396.60217,0.02258107087594174,19.85671428571429
477,130416,2456399.5962400003,0.017547215217917026,20.10128571428571
478,130419,2456402.65181,0.019911709883261876,19.59314285714285
480,130505,2456418.69148,0.021470910553615958,19.843
481,130510,2456422.59337,0.01927742326190269,20.06657142857143
482,130515,2456428.53556,0.020862360730249184,20.06571428571429
483,130520,2456433.52227,0.02655093936101485,20.233428571428565
484,130523,2456436.64359,0.042983939414828164,20.72442857142857
485,130529,2456442.53265,0.018068652148831417,20.07185714285714
486,130602,2456446.5634,0.023314618344961943,20.050714285714285
487,130604,2456448.56608,0.023718588249949345,20.379714285714282
488,130608,2456452.5504,0.023336054263090312,20.071285714285715
489,130611,2456455.53762,0.01828348200660685,20.189428571428564
490,130614,2456458.52351,0.02343074902775912,20.769
491,130621,2456465.52593,0.030226919569595168,19.277
492,130629,2456473.5363,0.018117342388937783,20.083285714285715
493,130702,2456476.49132,0.02032591589925514,20.354857142857146
495,130712,2456486.55788,0.018937239704302482,19.97957142857143
496,130715,2456489.5537400004,0.03104298095650717,20.108
497,131113,2456610.83461,0.02070196678027102,20.222285714285714
498,131121,2456618.82311,0.029664793948380026,20.226000000000006
499,131124,2456621.84283,0.043720432185380485,19.908142857142845
501,131205,2456632.82206,0.021548395145221003,20.277
502,131214,2456641.83962,0.01967110522955554,19.76442857142857
503,131218,2456645.80799,0.019863822103725882,20.15271428571429
504,131221,2456648.82788,0.029119621923240007,20.31142857142857
505,131226,2456653.82482,0.01497140130857295,19.795857142857145
506,131229,2456656.78959,0.02077429730628191,19.977285714285713
507,140101,2456659.82015,0.019104973174568576,19.959000000000003
508,140104,2456662.79528,0.01935138730107633,20.034857142857145
509,140107,2456665.81781,0.024491009040264102,20.06085714285714
510,140113,2456671.78438,0.02525206262203697,19.991
511,140115,2456673.79507,0.035194696570194924,20.26
512,140119,2456677.81671,0.02268941435585634,19.856142857142856
514,140125,2456683.7856,0.020699666433933398,20.23314285714286
515,140129,2456687.71066,0.01577822489865377,19.926571428571428
516,140202,2456691.78337,0.017690460167897545,19.52942857142857
517,140205,2456694.75012,0.02093186224735043,19.932857142857145
518,140207,2456696.69094,0.022082097898962545,19.96157142857143
519,140210,2456699.74082,0.01874769827145413,20.10214285714286
520,140214,2456703.7533,0.023942391176271602,20.25371428571429
521,140219,2456708.65987,0.15186475813007164,20.02428571428572
522,140222,2456711.73612,0.02403766885141285,19.91814285714285
524,140226,2456715.61589,0.02481071197224009,20.00771428571428
525,140301,2456718.7177,0.02374066232478216,19.755428571428574
526,140304,2456721.73227,0.027101221198994708,20.061857142857143
527,140307,2456724.69864,0.02116488556438168,19.608571428571427
528,140310,2456727.6381200003,0.021407608794199444,20.18942857142857
529,140314,2456731.73812,0.028707888413175044,19.649857142857144
530,140318,2456735.61223,0.033375211788161725,20.30871428571429
531,140321,2456738.73458,0.02247114551939749,19.96157142857143
532,140324,2456741.72538,0.02234576768277758,19.78
533,140328,2456745.7168900003,0.02236067977499832,19.815
534,140331,2456748.62281,0.021538448456292943,19.599714285714292
535,140403,2456751.63395,0.02320098520076269,19.975571428571428
536,140409,2456757.63093,0.019466699282423644,20.265428571428572
537,140412,2456760.59416,0.025375278558169147,20.11328571428572
538,140415,2456763.6107900003,0.0489572213652912,20.395142857142854
539,140419,2456767.67806,0.03225272229189418,19.754285714285714
540,140423,2456771.5808200003,0.021289389264077408,19.86071428571429
541,140516,2456794.53452,0.034085327104308866,19.59485714285714
542,140525,2456803.49178,0.027421750143855655,19.495571428571427
543,140531,2456809.52141,0.02697529734157231,19.541
544,140616,2456825.53385,0.024361366761206298,19.86714285714286
545,140627,2456836.51314,0.03020406784334832,19.728571428571428
546,140717,2456856.53023,0.028622335600685056,20.13628571428571
547,141217,2457009.81506,0.08014094726524904,19.35671428571429
548,141220,2457012.836,0.051040600086041985,19.79414285714286
549,141222,2457014.8331,0.021919767117318016,20.06914285714285
550,141225,2457017.83675,0.022553639765370927,20.158
551,141228,2457020.80974,0.02378675101413613,19.974857142857143
552,150103,2457026.80173,0.07702566053564469,19.89842857142857
553,150108,2457031.82629,0.022358550085053976,19.980714285714285
554,150111,2457034.77611,0.01857161172075289,20.06971428571429
555,150114,2457037.75296,0.022363873929715467,20.104857142857146
556,150117,2457040.85615,0.02093527440198104,20.01857142857143
557,150125,2457048.81306,0.022740775209801768,20.01585714285714
558,150129,2457052.79128,0.02329316270008383,19.978285714285715
559,150202,2457056.73321,0.043918214032547566,20.096857142857143
560,150205,2457059.73919,0.015328156476024812,20.806428571428572
561,150208,2457062.70514,0.018451996923792582,20.418142857142858
562,150211,2457065.71346,0.020435729681547443,20.150428571428574
563,150215,2457069.69027,0.036953638908392435,19.44371428571429
565,150222,2457076.67699,0.019242809417676702,19.626571428571427
566,150226,2457080.67804,0.043300720328338586,19.87157142857143
567,150302,2457084.67369,0.020720360357217454,20.632
568,150308,2457090.72804,0.02651953457894591,20.242428571428565
569,150312,2457094.63807,0.01743013263888683,19.810142857142857
570,150316,2457098.64146,0.028762574889683663,19.901428571428568
571,150321,2457103.65137,0.027843097802493142,20.01028571428572
572,150412,2457125.66059,0.022188585654226482,20.058
573,150416,2457129.6679,0.02132626370952235,20.242857142857144
574,150419,2457132.70529,0.03639008237471667,20.549714285714284
575,150422,2457135.6084,0.022792020324580664,20.28185714285714
576,150426,2457139.59952,0.0601881969128376,20.071428571428573
