,date,juliandate,std,NMcal
3,31207,2452981.82716,0.01881441316812028,18.596375
7,31213,2452987.7899,0.0116181815641436,18.903875000000006
9,31215,2452989.8118,0.014918827989080553,18.6715
10,31216,2452990.81043,0.0113010745380529,18.6965
11,31217,2452991.81324,0.008096516005887646,18.658125
13,31219,2452993.83472,0.009779716618745488,18.662750000000006
15,31221,2452995.81289,0.01156040038858827,18.49975
17,31223,2452997.83103,0.014131398677084791,18.457375000000006
24,40102,2453007.82772,0.010446291208013138,18.386375
25,40104,2453009.8218900003,0.013317550182297648,18.640750000000004
31,40113,2453018.78247,0.01047360628325596,18.491375
32,40116,2453021.7974900003,0.01756162618582571,18.513875
44,40201,2453037.74724,0.01178300834748883,18.454375
47,40205,2453041.81652,0.01442653804612445,19.067125
48,40207,2453043.71783,0.01108087154922297,18.96625
50,40209,2453045.80396,0.014149709739505738,18.65775
51,40211,2453047.80998,0.011771636613771685,18.555999999999997
56,40222,2453058.67477,0.007707834604215744,18.668375
58,40224,2453060.67297,0.0091300132999804,18.87675
59,40225,2453061.64762,0.013147514702757586,18.597
60,40226,2453062.69641,0.014436437035545481,18.491875
62,40302,2453067.7027,0.008224527776391525,18.66775
65,40309,2453074.64157,0.025833256528344613,18.57075
66,40310,2453075.5804,0.030837998360071107,18.798875
71,50425,2453486.5469,0.017739685131609412,18.449875
72,50430,2453491.56292,0.02488688696592204,18.44525
73,50511,2453502.5189400003,0.05304984179314424,18.747
74,50513,2453504.58527,0.033032181278201865,18.308625
75,50518,2453509.60617,0.023344852598755426,17.968125
76,50529,2453520.57185,0.013263806822742157,18.60775
77,50601,2453523.51647,0.0187140130840267,18.69675
78,50604,2453526.51753,0.0357691007914124,18.3745
79,50607,2453529.4724,0.021679483388701532,18.484
80,50710,2453562.49641,0.02112843378680311,18.332125
81,50724,2453576.51929,0.009876921151245315,18.641875
82,60109,2453745.80045,0.008652002245194908,18.7385
83,60110,2453746.80329,0.014667748877852606,18.6605
84,60111,2453747.80101,0.02422771435474495,18.634125
85,60112,2453748.75197,0.02176333745427976,18.73775
86,60113,2453749.70851,0.020673913859901586,18.598375000000004
87,60114,2453750.79611,0.02307402683294525,18.856875
88,60116,2453752.83464,0.03985599076674565,18.61575
89,60117,2453753.7149,0.14672009308300007,18.89375
90,60118,2453754.78917,0.028729029619260413,18.66125
91,60119,2453755.75412,0.034566705698622045,18.52
92,60120,2453756.76263,0.012540648194799504,18.633125
93,60121,2453757.80413,0.01068293030933222,18.976875
94,60122,2453758.7149,0.01785657141928355,18.760500000000004
95,60123,2453759.70975,0.012670973578426278,18.757375
96,60124,2453760.77081,0.013490075717376458,18.749625
97,60125,2453761.78482,0.012586131823704598,18.781125000000007
98,60126,2453762.78912,0.03277820486673014,18.785875
99,60127,2453763.67446,0.015387843068176713,18.69525
100,60128,2453764.78361,0.01475272371955616,18.39875
101,60129,2453765.77573,0.007977647343832267,18.66925
102,60130,2453766.63941,0.05227929800603647,18.687375
103,60131,2453767.71816,0.008219097969398797,18.865125
104,60203,2453770.78291,0.03381646893781371,18.758875
105,60204,2453771.68498,0.02031493117327704,18.549875
106,60205,2453772.77988,0.0202466928515976,18.80325
107,60206,2453773.71829,0.03102274511206168,18.630875
108,60207,2453774.7666700003,0.014099138778284616,18.42925
109,60208,2453775.66758,0.014725463854120604,18.449625000000005
110,60209,2453776.65442,0.02929133221383327,18.808625
111,60210,2453777.68924,0.011096975134991529,18.9415
112,60211,2453778.68696,0.018415831698497236,18.9315
113,60212,2453779.74455,0.02080135641176197,18.571875
114,60213,2453780.67396,0.02408281841596923,19.029625000000006
115,60214,2453781.65518,0.013845447937018905,18.847375
116,60215,2453782.71401,0.02749253145332855,18.711875
117,60216,2453783.70368,0.009738546385900396,18.750375
118,60217,2453784.72432,0.013212548148302604,18.652
119,60218,2453785.7577,0.01550115203093169,18.808
120,60219,2453786.70791,0.010795997935747748,18.891375
121,60220,2453787.71465,0.009956153875841737,18.652375000000006
122,60221,2453788.72114,0.00895624283507692,18.95025
123,60222,2453789.71313,0.01028782220477558,18.679125
124,60223,2453790.72634,0.015645629239213654,18.964250000000003
125,60225,2453792.7818,0.005154748158093305,18.805
126,60226,2453793.68036,0.02740177262250592,19.022
127,60227,2453794.6475400003,0.026664248402284728,18.297875
128,60302,2453797.76585,0.025090906150011544,18.777125
129,60303,2453798.77321,0.007100050301962473,18.781125
130,60305,2453800.68788,0.009694438759382371,18.821375
131,60306,2453801.70257,0.017136010537533955,18.88825
132,60307,2453802.66319,0.01307055032182555,18.871625
133,60308,2453803.63875,0.019055839000287362,18.838625
134,60309,2453804.68295,0.020437622869906125,18.837375
135,60310,2453805.68213,0.013166515972646843,18.90425
136,60311,2453806.69588,0.021219515949682927,18.944625
137,60318,2453813.67835,0.01666422601175058,18.683375
138,60320,2453815.71537,0.022225709051872402,18.840375
139,60321,2453816.65095,0.01944910941760367,19.006625
140,60322,2453817.6878400003,0.00858154165332537,18.83625
141,60324,2453819.60581,0.013351698661348721,18.797375
142,60326,2453821.62459,0.01407061273920564,18.721375
143,60328,2453823.65967,0.020739455152057745,18.510125
144,60403,2453829.59673,0.014058551032995085,18.79725
145,60404,2453830.59658,0.013399760125913438,18.970875
147,60407,2453833.63678,0.006139741735097666,18.614625
148,60408,2453834.63584,0.021273306546582785,18.918375
149,60409,2453835.6496,0.01545904728186079,18.724125
150,60412,2453838.67415,0.014439529078102222,19.049250000000004
151,60414,2453840.60036,0.03038796754358127,19.231
152,60417,2453843.6447900003,0.004174754055407437,18.844
153,60419,2453845.6045,0.012699128204083518,18.710875
154,60420,2453846.59253,0.011237691679503071,18.797
155,60421,2453847.57014,0.02521337513533418,18.8305
156,60422,2453848.57566,0.02497391496277788,18.715625
157,60423,2453849.5396,0.02810662097898304,18.830625
158,60424,2453850.51419,0.03249148240027748,18.886375
159,60425,2453851.55299,0.02159199587144849,18.70225
160,60426,2453852.6106,0.02237345365763505,18.785
161,60427,2453853.63816,0.014559606548800057,18.843375
162,60430,2453856.66024,0.026613637750072663,18.816
163,60505,2453861.58418,0.012020815280196035,18.88725
164,60506,2453862.57889,0.03901648003458786,18.7495
165,60507,2453863.48482,0.02171857335499391,18.644625
166,60507,2453863.51439,0.0200338998413892,18.90625
167,60507,2453863.59859,0.02189218712556479,18.845125
168,60507,2453863.64878,0.030695509210805837,18.847250000000006
169,60507,2453863.6877200003,0.0096769239504052,18.56525
170,60508,2453864.5843,0.012058636501860792,18.791375
171,60509,2453865.5257200003,0.007491662031912981,18.890125
172,60510,2453866.53382,0.013086934597106907,18.652125
173,60511,2453867.49417,0.01611509939688513,18.604375
174,70402,2454193.64965,0.027892331255239215,18.518625
175,70403,2454194.6581,0.02675684158169335,18.66525
176,70405,2454196.72851,0.02944243778736912,18.449
177,70406,2454197.73945,0.01463606114067098,18.86475
178,70407,2454198.68701,0.023026382384330663,18.64825
179,70408,2454199.67778,0.03569313659519478,19.3215
181,70411,2454202.65897,0.02845767533917538,18.774875
182,70412,2454203.6105400003,0.021340354127259497,18.555375
183,70414,2454205.6765400004,0.011018653015942109,18.451625
184,70417,2454208.68727,0.02024140029047593,18.335500000000003
185,70418,2454209.66951,0.0458935102788567,18.62775
186,70419,2454210.67368,0.026349301969631696,18.664
188,70424,2454215.65571,0.009132946637655076,18.488625
189,70425,2454216.55635,0.009827076298539366,18.702
190,70426,2454217.58845,0.01744378726913806,18.622000000000003
191,70427,2454218.56117,0.016739602316461856,18.56925
192,70428,2454219.59141,0.02115926004643508,18.4375
193,70429,2454220.61072,0.0182125349298887,18.609625
194,70509,2454230.58967,0.014655569394858231,18.51275
195,70510,2454231.60409,0.01675826022347808,18.852625000000003
196,70513,2454234.5929,0.029837356738465156,18.572625
197,70514,2454235.67213,0.010796824930017695,18.5205
198,70516,2454237.56663,0.012501428489613269,18.6015
200,70518,2454239.5825,0.048237322538889384,18.479625
202,70521,2454242.5463400004,0.019048809486595264,18.49
203,70522,2454243.59511,0.018345883150402663,18.305000000000003
204,70523,2454244.5641,0.029200966226763745,18.214875
205,70525,2454246.52493,0.013958484363127806,18.577625
206,70526,2454247.55211,0.015004166088192916,18.436375
207,70602,2454254.58889,0.011987344517030941,18.901625000000006
208,70603,2454255.52666,0.027417082787521942,18.648625000000006
209,70604,2454256.50594,0.021761286070144742,18.399125
210,70605,2454257.49111,0.030232137583370424,18.574375
211,70606,2454258.51936,0.01676518501437559,18.68375
212,70609,2454261.52173,0.017449928366342283,18.62425
213,70611,2454263.5403400003,0.04403874106156825,19.041625
214,70616,2454268.57171,0.8070733282316135,19.20675
215,70620,2454272.48058,0.6307759393907576,18.5055
216,70622,2454274.49144,0.02533172770604817,18.636375000000005
217,70623,2454275.46094,0.0293181440652134,18.516125
218,70625,2454277.5007,0.0918102663104636,18.674375
219,80202,2454499.80595,0.008631338250621783,18.432750000000006
220,80203,2454500.76229,0.02054568081125619,18.757125
221,80205,2454502.78352,0.0129173194919896,18.714000000000002
222,80210,2454507.77014,0.008087689056890588,18.801375
223,80212,2454509.68244,0.009818895777322176,18.725875
225,80216,2454513.73701,0.017119329092477573,18.79725
226,80219,2454516.73571,0.01403821315450264,18.58675
227,80222,2454519.79395,0.011744299528853388,18.51625
228,80224,2454521.7694200003,0.01426221281189784,18.663625
229,80227,2454524.74693,0.011494563932544655,18.632875
230,80301,2454527.71097,0.016008926081540694,18.696
231,80316,2454542.63334,0.008614771367464368,18.459750000000003
232,80321,2454547.7373900004,0.04614263600128531,18.389000000000006
233,80325,2454551.73435,0.7793670967064041,18.74375
234,80328,2454554.68676,0.014322185587536928,18.627375000000004
235,80329,2454555.6921,0.014593907731156775,18.577125
236,80331,2454557.71985,0.008391109240777128,18.577875
237,80402,2454559.7195200003,0.012972498382544868,18.678
238,80402,2454559.75244,0.039661964507229766,18.61325
241,80410,2454567.69385,0.0186241011288168,18.4855
242,80411,2454568.65296,0.006266407036188386,19.027875
243,80412,2454569.67436,0.010377688980286391,18.674375
248,80425,2454582.6054,0.061687576892419015,18.64025
249,80427,2454584.60057,0.0782737868911847,18.76725
250,80430,2454587.6068700003,0.014302222604681575,18.631375
251,80504,2454591.54395,0.025575867531658674,18.467125
252,80506,2454593.59816,0.019382890098615674,18.696375
253,80507,2454594.58454,0.09100853570645713,18.608375
255,80510,2454597.57042,0.007100050301962473,18.512875
256,80511,2454598.53065,0.007250615737346478,18.701
257,80512,2454599.56766,0.015403501457355716,18.559875
258,80514,2454601.55902,0.020753226943443757,18.650875
259,80515,2454602.58031,0.014937966968295241,18.659000000000002
261,80521,2454608.54586,0.006937218462777671,18.962125
262,80524,2454611.57251,0.015619927748048134,18.564375
263,80525,2454612.57781,0.01192835756840474,18.008000000000006
264,80606,2454624.56115,0.012999313168657396,18.719125
265,80609,2454627.5441400004,0.008430387213565056,18.71525
266,80611,2454629.50365,0.012947696982082757,18.74675
267,80612,2454630.52386,0.19055028395225615,18.838625
269,80622,2454640.57572,0.007478540728609688,18.53325
270,80625,2454643.56917,0.0073241284218246655,18.62725
275,80704,2454652.49655,0.015491933384929556,18.555500000000006
276,80713,2454661.48754,0.3852609505257451,19.125
277,80718,2454666.50295,0.012738440137758423,18.604375000000005
279,80804,2454683.46668,0.01310125402951858,18.513250000000006
282,81205,2454806.78272,0.009913014533552826,18.551375
283,81208,2454809.767,0.042516383396812366,18.38675
286,81220,2454821.7913,0.007573449864786756,18.44775
288,81227,2454828.80421,0.007863795884588812,18.258125000000003
290,90108,2454840.74707,0.010898885919592764,18.35475
292,90117,2454849.7785400003,0.016978452731268683,18.669625000000003
294,90129,2454861.73074,0.007324128422379033,18.77925
296,90214,2454877.62349,0.007778174592890109,18.587750000000003
297,90219,2454882.75708,0.023032585612572827,18.85125
298,90222,2454885.72452,0.009695359714842823,18.387999999999998
299,90225,2454888.66151,0.014954693481931581,18.96125
300,90228,2454891.75578,0.00929573635011566,18.631875
302,90309,2454900.69565,0.016608410089958052,18.839875
304,90315,2454906.70574,0.011746580049442156,18.608625
305,90318,2454909.67707,0.006501373480861346,18.586375
308,90327,2454918.67131,0.008189714804107634,18.76825
313,90410,2454932.63755,0.010702970215113123,18.690625
314,90413,2454935.64404,0.006523309852581794,18.352375
315,90416,2454938.66739,0.026144857456646586,18.305125
316,90418,2454940.60551,0.008497898900003057,18.39475
318,90423,2454945.59693,0.0067599133554952645,18.485625
321,90424,2454946.61157,0.0053117121266250756,18.45325
322,90424,2454946.68299,0.006094494001668695,18.518
323,90424,2454946.73678,0.016281014359372632,18.50425
324,90424,2454946.77399,0.007285013971665663,18.55975
325,90429,2454951.66929,0.022796851286324173,18.478625
327,90504,2454956.54551,0.01704406054904265,18.181249999999995
328,90507,2454959.59833,0.016141671890871675,18.984375000000004
329,90510,2454962.54785,0.015408137924006127,18.998375000000006
330,90513,2454965.61284,0.022728207773042942,18.630000000000006
331,90515,2454967.53975,0.008618916073667972,18.374500000000005
332,90516,2454968.57233,0.015583301502321073,18.554375
333,90518,2454970.56618,0.013710658002356492,18.405625
334,90521,2454973.56982,0.021460927952254474,18.468000000000004
335,90523,2454975.51775,0.01329272088670863,18.568875
336,90604,2454987.50396,0.0118916237024175,18.506625
337,90605,2454988.53584,0.006761234038150539,18.5145
338,90607,2454990.53451,0.00845048603869391,18.481375000000003
339,90610,2454993.55534,0.006881652625449411,18.60275
340,90612,2454995.56716,0.02148753791656665,18.651
341,90613,2454996.4903,0.009963325606743722,18.656125
342,110331,2455652.72082,0.017062908812530368,18.3545
343,110402,2455654.65136,0.01447103017372623,18.375625
344,110407,2455659.6399,0.01317939408969144,18.363625000000006
345,110417,2455669.57705,0.026819169583526068,18.715125
346,110421,2455673.60333,0.015390163834671225,18.2985
347,110424,2455676.54983,0.02164939788016459,18.574125
348,110507,2455689.58901,0.09482982879118704,18.338125
349,110510,2455692.56516,0.016496211686481903,18.161125
350,110514,2455696.57708,0.02186974426659081,18.132
351,110516,2455698.52806,0.02101020160371167,18.3325
352,110519,2455701.50925,0.02629502940539936,18.3
353,110524,2455706.51761,0.020596462941952248,18.41325
354,110602,2455715.62626,0.016318263212772296,18.2745
355,110611,2455724.47616,0.0240798522776204,18.214875
356,110625,2455738.50205,0.016104569005722838,18.13675
357,110628,2455741.4854900003,0.019309046732318855,18.238375
358,110702,2455745.5038400004,0.016881414124957826,18.144875
359,110706,2455749.54361,0.029873244120516926,18.117125
360,110713,2455756.51428,0.03146426544509772,18.1135
361,110719,2455762.48991,0.019290541723818725,18.245125
362,110722,2455765.45892,0.027966497814324247,18.310875
363,110724,2455767.4733,0.025696025262429468,18.169500000000006
364,110727,2455770.48789,0.03404802280828615,18.261125
365,120420,2456038.59722,0.02269007020067786,18.286625
366,120423,2456041.6008,0.007945124291354074,18.295625
367,120430,2456048.56896,0.032244600876987724,18.3725
368,120503,2456051.55265,0.011820079767527884,18.6715
369,120506,2456054.5468,0.017451974918898026,18.3535
370,120509,2456057.5016900003,0.031900514998158734,18.493250000000003
371,120512,2456060.5383900004,0.016110666386869015,18.442875
372,120513,2456061.52454,0.008635475005342492,18.4885
373,120516,2456064.54351,0.010218156109688195,18.471875
374,120519,2456067.5232,0.015610779242858155,18.495375
375,120522,2456070.59143,0.014623244705274737,18.463125
376,120530,2456078.5109,0.014667140143973688,18.530625
377,120601,2456080.5043200003,0.012861209674220673,18.079375
378,120604,2456083.52601,0.03548440301235176,18.276
379,120607,2456086.5093400003,0.04052424318490775,18.40275
380,120613,2456092.49436,0.01233389638344608,18.366125
381,120615,2456094.46381,0.02744865336267904,18.246
382,120621,2456100.4904,0.02587297266033894,18.215625
383,120624,2456103.46656,0.029374430085688286,18.499000000000002
384,120701,2456110.51236,0.02333567165148816,18.471625000000003
385,120706,2456115.5241400003,0.013778217798832558,18.239125
386,120712,2456121.54805,0.019906477768385524,18.441625
387,120715,2456124.53802,0.0385255017580371,18.581750000000003
388,120718,2456127.50948,0.017179202542548525,18.250375
389,120721,2456130.50784,0.024417499579509363,18.41725
390,121218,2456280.81766,0.115542122807423,18.917375
391,121221,2456283.80671,0.009941794894106177,18.807625
392,121223,2456285.78787,0.018757379500163138,18.681125
393,121229,2456291.78194,0.029392661863561837,18.50575
394,130101,2456294.75632,0.015297058540843806,18.8465
395,130105,2456298.83525,0.02512220133658968,19.012625
396,130108,2456301.81564,0.02073256582560709,18.885125
397,130113,2456306.75999,0.0073290030508077015,18.538
398,130116,2456309.77703,0.011205069005867305,18.711875
399,130119,2456312.83233,0.05126524163599574,19.901125
400,130122,2456315.79366,0.026217496883903454,18.58475
401,130125,2456318.7431,0.0160217486116529,18.480125
402,130128,2456321.74561,0.006220645350382513,18.313125
403,130209,2456333.67584,0.023409018408641874,18.299375
404,130212,2456336.72574,0.0334981342764487,18.458125
405,130215,2456339.75923,0.014449419167857332,18.26575
406,130219,2456343.74058,0.02181046603280596,18.268625000000004
407,130301,2456353.75455,0.010222524149935694,18.37225
408,130305,2456357.65619,0.016247527284250732,18.412375
409,130311,2456363.67499,0.030042529378027906,18.370375000000006
410,130315,2456367.7275,0.01929470689799768,18.482
411,130318,2456370.63228,0.012040853078521895,18.265875
412,130322,2456374.65108,0.037339896319418614,18.573625000000003
413,130325,2456377.72294,0.007363035088014698,18.87025
414,130328,2456380.64489,0.024667792767056752,18.99225
415,130330,2456382.64396,0.06515914583318194,18.9645
416,130402,2456385.64794,0.02934888656928378,18.58175
417,130410,2456393.73521,0.018806818672163148,18.204625
418,130413,2456396.59456,0.013977021959677012,18.491750000000003
419,130416,2456399.58862,0.011957514075069252,18.509125
420,130419,2456402.64418,0.0151751676856954,18.364
424,130505,2456418.6838700003,0.01599106893582126,18.489
425,130510,2456422.58575,0.01428223171846118,18.652625
426,130515,2456428.5279200003,0.011148350294306409,18.507
427,130520,2456433.51463,0.031057262780667325,18.463375
428,130523,2456436.63596,0.031334314827616526,18.615125
429,130529,2456442.52501,0.011031610425171529,18.938375
430,130602,2456446.55576,0.007887603293366695,18.56575
431,130604,2456448.55847,0.00761460063633218,18.347375
432,130608,2456452.5427900003,0.014715759288327237,18.354625
433,130611,2456455.53003,0.015514394238087263,18.470875000000003
434,130614,2456458.5159,0.02411245973117636,18.882375
435,130621,2456465.5183200003,0.015008925915618162,18.626875
436,130624,2456468.54995,0.016260710755807126,18.278875
437,130629,2456473.52869,0.043092715658823416,18.535125
438,130702,2456476.48371,0.018177203148061243,18.859875
439,130707,2456481.48386,0.021179504918002752,18.829
440,130712,2456486.55027,0.013802173741627885,18.52225
441,130715,2456489.54613,0.01825171224842784,18.512625
442,130801,2456506.47224,0.015212189660994675,18.630375
443,131113,2456610.827,0.04424202914483634,18.286750000000005
444,131121,2456618.81545,0.012715991057534569,18.651375
445,131124,2456621.83519,0.06760177512463023,19.022
446,131201,2456628.81312,0.017590074311673178,18.415625
447,131205,2456632.81441,0.006706872807443912,18.450125000000003
448,131214,2456641.83197,0.023457788837401912,18.051625
449,131218,2456645.80039,0.025665081892974357,18.600125
450,131221,2456648.82028,0.013968715044577872,18.494625
451,131226,2456653.81722,0.012631451675228831,18.237875
452,131229,2456656.78198,0.024047200609313327,18.373625
453,140101,2456659.8125400003,0.011313708498878269,18.4125
454,140104,2456662.78767,0.013794408805326095,18.5025
455,140107,2456665.8102,0.02883821868889265,18.38775
456,140113,2456671.77672,0.022972032685717986,18.5205
457,140115,2456673.78742,0.027588817610394643,18.305000000000003
458,140119,2456677.80906,0.030759144981593482,18.367875
459,140122,2456680.72808,0.016228282190486144,18.90825
460,140125,2456683.778,0.012927683473938613,18.328375
461,140129,2456687.70302,0.01164658135005644,18.41775
462,140205,2456694.74245,0.0075675529161247455,18.721125
463,140210,2456699.73318,0.010222524149935694,18.50525
464,140214,2456703.74566,0.015343099891948356,18.312375
465,140219,2456708.65223,0.15191062927166532,18.490625
466,140222,2456711.72848,0.021882804730201467,18.279
467,140224,2456713.71776,0.032557366952207706,18.315375
468,140226,2456715.60824,0.025051019368951558,18.420125
469,140301,2456718.71007,0.01530581122130262,18.233625
470,140304,2456721.72463,0.01902582830924111,18.657625
471,140307,2456724.691,0.013146835578132291,18.265375
472,140310,2456727.63047,0.010521237026704787,18.316125
473,140314,2456731.7304700003,0.02091778122627425,18.439875
474,140318,2456735.60457,0.02108486254576209,18.443500000000004
475,140321,2456738.72694,0.012682242929240084,18.342375
476,140324,2456741.71773,0.022293096304933938,18.390875000000005
477,140328,2456745.70924,0.011198692525817995,18.451375
478,140331,2456748.61518,0.01224088582250774,18.438125
480,140406,2456754.57916,0.03172988676758093,18.19875
481,140409,2456757.62329,0.043142413668539686,18.453125
482,140412,2456760.58653,0.026677973793225142,18.419
483,140415,2456763.60317,0.01674546847007266,18.456875
484,140419,2456767.67043,0.012557723861081964,18.195625
485,140423,2456771.5731900004,0.012408954140302422,18.245625
486,140525,2456803.48421,0.018314221640063886,18.174625
487,140531,2456809.51384,0.009407443860998708,18.27275
488,140613,2456822.51533,0.035987845170288406,18.281375
489,140616,2456825.52628,0.018615949382896384,18.382625
490,140702,2456841.48537,0.08147468932130432,19.123875
491,140717,2456856.52266,0.03023922476333228,18.466125
492,141217,2457009.80744,0.010973181593789698,18.561125
493,141220,2457012.8284,0.058316868424617585,18.315
494,141222,2457014.82548,0.01030863022649435,18.595625
495,141225,2457017.82912,0.011457218560380063,18.423125
496,141228,2457020.80213,0.011268635358961741,18.376875
497,150103,2457026.79412,0.013564001727200584,18.431625
498,150108,2457031.81867,0.02844041390098442,18.453000000000007
499,150111,2457034.7685,0.009642724866961092,18.490875
500,150114,2457037.74536,0.020736441353290096,18.3145
501,150117,2457040.84855,0.011526367288036205,18.463
502,150125,2457048.80546,0.010780272988901558,18.50775
503,150129,2457052.78365,0.02445659420275563,18.395875000000004
504,150202,2457056.7256,0.019478467965681288,18.721375
505,150205,2457059.73158,0.03325979984471871,18.435750000000006
506,150208,2457062.69752,0.022524589737776938,18.29275
507,150211,2457065.70586,0.03275422546353127,18.495625
508,150215,2457069.68266,0.0423199969619622,18.344875
509,150218,2457072.67218,0.007745966692857908,18.2925
510,150222,2457076.6693700003,0.008635475005460039,18.3875
511,150226,2457080.67044,0.08662058069533746,18.348375
512,150302,2457084.6661,0.016339588209407792,18.503125
513,150312,2457094.63047,0.021365860619234543,18.648750000000003
514,150316,2457098.63387,0.03191058937539268,19.0175
515,150321,2457103.64379,0.008025628591174184,18.210125
516,150330,2457112.58336,0.02455751267061367,18.41875
517,150402,2457115.63392,0.011993301702141013,18.443125
518,150412,2457125.65301,0.016168752933616044,18.556500000000003
519,150413,2457126.64636,0.01724611757540582,19.3045
520,150416,2457129.66033,0.012859126831003388,18.60625
521,150422,2457135.6008200003,0.05930535388982884,18.684625000000004
522,150426,2457139.59194,0.02621749688382602,18.537750000000006
523,90531,2454983.65013,0.0182829936590634,18.962625
525,41209,2453349.79931,0.0468332909676619,18.48325
526,41213,2453353.79776,0.031190657942007767,18.426
527,41217,2453357.75036,0.017755783765879222,18.616125
528,50101,2453372.7678,0.01836874286086328,18.516625
529,50106,2453377.75276,0.008847921467046022,18.655500000000004
530,50110,2453381.72682,0.0208515158750217,18.65075
531,50114,2453385.69064,0.008766820567228974,18.4225
532,50125,2453396.67669,0.012866762274748237,18.589875
535,50207,2453409.75852,0.029465476166332306,18.60125
536,50210,2453412.7305,0.02093825958114189,18.471875
537,50213,2453415.81896,0.004131758532754552,18.540250000000004
538,50219,2453421.82564,0.02425423379828031,18.370625000000004
539,50223,2453425.7501,0.020269170819506858,18.352625
540,50225,2453427.75448,0.016775832957756382,18.5665
541,50303,2453433.7406900004,0.0071101034752550285,18.610625
542,50308,2453438.71861,0.009941794894004076,18.426625
543,50315,2453445.75078,0.014928400545900975,18.515
544,50323,2453453.66865,0.05630893737739118,18.482125
545,50330,2453460.61038,0.01695161180697456,18.58875
546,50403,2453464.57102,0.017566201312972228,18.381
547,50409,2453470.68146,0.00794175223565733,18.43325
548,50415,2453476.65135,0.008642709562033755,18.599125
549,50422,2453483.5638200003,0.012270755012260048,18.5745
550,40407,2453103.6829,0.013575187449362735,18.604
554,40420,2453116.58814,0.01331419757799868,18.659875
558,40505,2453131.59383,0.024746933431972512,18.684875
560,40517,2453143.58452,0.027542175451055338,18.591500000000003
561,40520,2453146.50128,0.006854352110761568,18.667125
562,40526,2453152.49807,0.010091545259127655,18.602875000000004
563,40601,2453158.44974,0.012034919431055346,18.580375000000004
566,40605,2453162.47633,0.01815361042401342,18.663125
568,40612,2453169.52092,0.011436158196108605,18.76025
571,40627,2453184.45519,0.02756161927647537,18.664250000000006
572,40630,2453187.4585,0.0458880625622259,18.848000000000006
573,40701,2453188.4769,0.011306603633203571,18.706125
575,40706,2453193.47665,0.021172337073359616,19.011375
576,40707,2453194.45746,0.01649891771351237,18.64875
577,40709,2453196.50369,0.04361990862637015,18.740875
578,40714,2453201.51552,0.02982538468194416,18.549875000000004
579,40718,2453205.45823,0.0172787028282201,18.510625
582,41211,2453351.8048,0.009019819446904024,18.59275
583,41215,2453355.77008,0.03071964239004399,18.591375
585,50103,2453374.6885,0.7814873982166487,18.741625000000006
587,50112,2453383.69286,0.00667083203216324,18.61875
588,50122,2453393.78388,0.02282855354902248,18.6235
589,50126,2453397.67353,0.01780850519100231,18.563
590,50202,2453404.7839,0.01042575793748651,18.627875
591,50205,2453407.74081,0.012170661444620123,18.347875
592,50209,2453411.79473,0.026629736332585256,18.292500000000004
593,50212,2453414.76883,0.017402791237494858,18.445999999999998
594,50218,2453420.7753,0.02290196498122889,18.41075
595,50222,2453424.74532,0.015872257918519386,18.65575
596,50224,2453426.72828,0.017782415069717873,18.784749999999995
597,50228,2453430.71806,0.025967012040059773,18.641
598,50305,2453435.75767,0.02765831055676331,18.308125
599,50312,2453442.71552,0.011285262196968493,18.54625
600,50318,2453448.65342,0.027730527273212027,18.659125000000003
601,50329,2453459.6654,0.02755643559784929,18.318750000000005
602,50331,2453461.68172,0.010548358030617357,18.636875
603,50406,2453467.59683,0.01828299365934099,18.514625
604,50412,2453473.62924,0.017488261369204842,18.363125000000004
605,50417,2453478.569,0.02401041440721433,18.615250000000003
